35.7222222222222
35.9444444444444
36.0555555555556
36.1111111111111
36.1666666666667
36.1666666666667
36.1666666666667
36.2222222222222
36.2777777777778
36.3333333333333
36.3333333333333
36.3333333333333
36.3333333333333
36.3888888888889
36.3888888888889
36.4444444444444
36.4444444444444
36.4444444444444
36.5
36.5555555555556
36.5555555555556
36.5555555555556
36.5555555555556
36.6111111111111
36.6111111111111
36.6666666666667
36.6666666666667
36.6666666666667
36.6666666666667
36.6666666666667
36.6666666666667
36.7222222222222
36.7222222222222
36.7777777777778
36.7777777777778
36.7777777777778
36.7777777777778
36.8333333333333
36.8333333333333
36.8888888888889
36.8888888888889
36.8888888888889
36.8888888888889
36.9444444444444
36.9444444444444
37
37
37
37
37
37
37.0555555555556
37.0555555555556
37.1111111111111
37.1111111111111
37.1111111111111
37.1666666666667
37.2222222222222
37.2222222222222
37.2222222222222
37.2777777777778
37.3333333333333
37.3888888888889
37.4444444444444
37.5
35.7777777777778
35.9444444444444
36
36.2222222222222
36.2222222222222
36.3333333333333
36.4444444444444
36.5
36.5
36.5555555555556
36.5555555555556
36.5555555555556
36.6111111111111
36.6111111111111
36.6111111111111
36.6666666666667
36.6666666666667
36.6666666666667
36.6666666666667
36.6666666666667
36.7222222222222
36.7777777777778
36.7777777777778
36.7777777777778
36.7777777777778
36.7777777777778
36.7777777777778
36.8333333333333
36.8333333333333
36.8333333333333
36.8888888888889
36.8888888888889
36.8888888888889
36.8888888888889
36.8888888888889
36.9444444444444
37
37
37
37
37.0555555555556
37.0555555555556
37.0555555555556
37.0555555555556
37.0555555555556
37.0555555555556
37.1111111111111
37.1111111111111
37.1111111111111
37.1111111111111
37.1111111111111
37.1111111111111
37.1111111111111
37.1666666666667
37.2222222222222
37.2222222222222
37.2777777777778
37.2777777777778
37.3333333333333
37.3333333333333
37.3888888888889
37.4444444444444
37.7222222222222
37.7777777777778
38.2222222222222
